Time = 33356409519815.203125     7.965167e-12  0.000000e+00  0.000000e+00  0.000000e+00  0.000000e+00  0.000000e+00  0.000000e+00  0.000000e+00  0.000000e+00  0.000000e+00  
Time = 66712819039630.406250     8.202686e-12  7.509329e-12  0.000000e+00  0.000000e+00  0.000000e+00  0.000000e+00  0.000000e+00  0.000000e+00  0.000000e+00  0.000000e+00  
Time = 100069228559445.609375     8.202686e-12  8.202684e-12  7.080974e-12  0.000000e+00  0.000000e+00  0.000000e+00  0.000000e+00  0.000000e+00  0.000000e+00  0.000000e+00  
Time = 133425638079260.812500     8.202686e-12  8.202683e-12  8.202681e-12  6.678428e-12  0.000000e+00  0.000000e+00  0.000000e+00  0.000000e+00  0.000000e+00  0.000000e+00  
Time = 166782047599076.000000     8.202686e-12  8.202683e-12  8.202681e-12  8.202678e-12  6.300117e-12  0.000000e+00  0.000000e+00  0.000000e+00  0.000000e+00  0.000000e+00  
Time = 200138457118891.218750     8.202686e-12  8.202683e-12  8.202681e-12  8.202678e-12  8.202676e-12  5.944565e-12  0.000000e+00  0.000000e+00  0.000000e+00  0.000000e+00  
Time = 233494866638706.437500     8.202686e-12  8.202683e-12  8.202681e-12  8.202678e-12  8.202676e-12  8.202673e-12  5.610387e-12  0.000000e+00  0.000000e+00  0.000000e+00  
Time = 266851276158521.625000     8.202686e-12  8.202683e-12  8.202681e-12  8.202678e-12  8.202676e-12  8.202674e-12  8.202670e-12  5.296281e-12  0.000000e+00  0.000000e+00  
Time = 300207685678336.812500     8.202686e-12  8.202683e-12  8.202681e-12  8.202678e-12  8.202676e-12  8.202674e-12  8.202671e-12  8.202666e-12  5.001024e-12  0.000000e+00  
Time = 333564095198152.000000     8.202686e-12  8.202683e-12  8.202681e-12  8.202678e-12  8.202676e-12  8.202674e-12  8.202671e-12  8.202669e-12  8.202663e-12  4.723470e-12  
Time = 366920504717967.250000     8.202686e-12  8.202683e-12  8.202681e-12  8.202678e-12  8.202676e-12  8.202674e-12  8.202671e-12  8.202669e-12  8.202666e-12  8.202659e-12  
Time = 400276914237782.437500     8.202686e-12  8.202683e-12  8.202681e-12  8.202678e-12  8.202676e-12  8.202674e-12  8.202671e-12  8.202669e-12  8.202666e-12  8.202664e-12  
Time = 433633323757597.625000     8.202686e-12  8.202683e-12  8.202681e-12  8.202678e-12  8.202676e-12  8.202674e-12  8.202671e-12  8.202669e-12  8.202666e-12  8.202664e-12  
Time = 466989733277412.875000     8.202686e-12  8.202683e-12  8.202681e-12  8.202678e-12  8.202676e-12  8.202674e-12  8.202671e-12  8.202669e-12  8.202666e-12  8.202664e-12  
Time = 500346142797228.062500     8.202686e-12  8.202683e-12  8.202681e-12  8.202678e-12  8.202676e-12  8.202674e-12  8.202671e-12  8.202669e-12  8.202666e-12  8.202664e-12  
Time = 533702552317043.250000     8.202686e-12  8.202683e-12  8.202681e-12  8.202678e-12  8.202676e-12  8.202674e-12  8.202671e-12  8.202669e-12  8.202666e-12  8.202664e-12  
Time = 567058961836858.500000     8.202686e-12  8.202683e-12  8.202681e-12  8.202678e-12  8.202676e-12  8.202674e-12  8.202671e-12  8.202669e-12  8.202666e-12  8.202664e-12  
Time = 600415371356673.625000     8.202686e-12  8.202683e-12  8.202681e-12  8.202678e-12  8.202676e-12  8.202674e-12  8.202671e-12  8.202669e-12  8.202666e-12  8.202664e-12  
Time = 633771780876488.875000     8.202686e-12  8.202683e-12  8.202681e-12  8.202678e-12  8.202676e-12  8.202674e-12  8.202671e-12  8.202669e-12  8.202666e-12  8.202664e-12  
Time = 667128190396304.000000     8.202686e-12  8.202683e-12  8.202681e-12  8.202678e-12  8.202676e-12  8.202674e-12  8.202671e-12  8.202669e-12  8.202666e-12  8.202664e-12  
Time = 700484599916119.250000     8.202686e-12  8.202683e-12  8.202681e-12  8.202678e-12  8.202676e-12  8.202674e-12  8.202671e-12  8.202669e-12  8.202666e-12  8.202664e-12  
Time = 733841009435934.500000     8.202686e-12  8.202683e-12  8.202681e-12  8.202678e-12  8.202676e-12  8.202674e-12  8.202671e-12  8.202669e-12  8.202666e-12  8.202664e-12  
Time = 767197418955749.625000     8.202686e-12  8.202683e-12  8.202681e-12  8.202678e-12  8.202676e-12  8.202674e-12  8.202671e-12  8.202669e-12  8.202666e-12  8.202664e-12  
Time = 800553828475564.875000     8.202686e-12  8.202683e-12  8.202681e-12  8.202678e-12  8.202676e-12  8.202674e-12  8.202671e-12  8.202669e-12  8.202666e-12  8.202664e-12  
Time = 833910237995380.125000     8.202686e-12  8.202683e-12  8.202681e-12  8.202678e-12  8.202676e-12  8.202674e-12  8.202671e-12  8.202669e-12  8.202666e-12  8.202664e-12  
Time = 867266647515195.250000     8.202686e-12  8.202683e-12  8.202681e-12  8.202678e-12  8.202676e-12  8.202674e-12  8.202671e-12  8.202669e-12  8.202666e-12  8.202664e-12  
Time = 900623057035010.500000     8.202686e-12  8.202683e-12  8.202681e-12  8.202678e-12  8.202676e-12  8.202674e-12  8.202671e-12  8.202669e-12  8.202666e-12  8.202664e-12  
Time = 933979466554825.750000     8.202686e-12  8.202683e-12  8.202681e-12  8.202678e-12  8.202676e-12  8.202674e-12  8.202671e-12  8.202669e-12  8.202666e-12  8.202664e-12  
Time = 967335876074640.875000     8.202686e-12  8.202683e-12  8.202681e-12  8.202678e-12  8.202676e-12  8.202674e-12  8.202671e-12  8.202669e-12  8.202666e-12  8.202664e-12  
Time = 1000692285594456.125000     8.202686e-12  8.202683e-12  8.202681e-12  8.202678e-12  8.202676e-12  8.202674e-12  8.202671e-12  8.202669e-12  8.202666e-12  8.202664e-12  
